Résultats de l'apprentissage

pi_new =
 [[1. 0. 0. 0.]]
A_new =
 [[0.75368952 0.07694681 0.0780931  0.09127057]
 [0.44172805 0.         0.2304841  0.32778785]
 [0.50023054 0.33058225 0.         0.16918721]
 [0.66154129 0.02288793 0.31557078 0.        ]]
B_new =
 [[0.23780589 0.05939357 0.02307855 0.67972199]
 [0.85278528 0.         0.00258022 0.14463451]
 [0.         0.86120396 0.02257283 0.11622322]
 [0.12064666 0.         0.73518291 0.14417043]]



-->


pi_mod = np.array([[1,0,0,0]])
A_mod = np.array([[0.754, 0.077, 0.078, 0.091],
                  [0.442, 0, 0.230, 0.328],
                  [0.500, 0.331, 0, 0.169],
                  [0.662, 0.023, 0.316, 0]])
B_mod = np.array([[0.238, 0.059, 0.023, 0.680],
                  [0.853, 0, 0.002, 0.145],
                  [0, 0.861, 0.023, 0.116],
                  [0.121, 0, 0.735, 0.144]])